8
10
10
10
7
8
8
10
10
10
7
8
19
25
28
30
33
19
25
28
30
33
19
25
28
30
33
19
25
28
30
33
19
25
28
30
33
19
25
28
30
33
19
25
28
30
33
19
25
28
30
33
19
25
28
30
33
19
25
28
30
33
19
25
28
30
33
19
25
28
30
33
33
19
25
28
30
33
19
25
28
30
33
19
25
28
30
33
19
25
28
30
33
19
25
28
30
33
19
25
28
30
33
19
25
28
30
33
19
25
28
30
33
19
25
28
30
33
33
19
25
28
30
33
19
25
28
30
33
19
25
28
30
33
19
25
28
30
33
19
25
28
30
33
19
25
28
30
33
19
25
28
30
33
19
25
28
30
33
19
25
28
30
33
33
19
25
28
30
33
19
25
28
30
33
19
25
28
30
33
19
25
28
30
33
19
25
28
30
33
19
25
28
30
33
19
25
28
30
33
19
25
28
30
33
19
25
28
30
33
33
19
25
28
30
33
19
25
28
30
33
19
25
28
30
33
19
25
28
30
33
19
25
28
30
33
19
25
28
30
33
19
25
28
30
33
19
25
28
30
33
19
25
28
30
33
33
19
25
28
30
33
19
25
28
30
33
19
25
28
30
33
19
25
28
30
33
19
25
28
30
33
19
25
28
30
33
19
25
28
30
33
19
25
28
30
33
19
25
28
30
33
33
19
25
28
30
33
19
25
28
30
33
19
25
28
30
33
19
25
28
30
33
19
25
28
30
33
19
25
28
30
33
19
25
28
30
33
19
25
28
30
33
19
25
28
30
33
40
30
40
30
40
30
30
40
30
40
30
40
30
40
30
30
40
30
40
30
40
30
40
30
30
40
30
40
30
30
40
30
40
30
40
30
40
30
30
40
30
40
30
30
40
30
40
30
40
30
40
30
30
40
30
40
30
30
40
30
40
30
40
30
40
30
30
40
30
